Testes realizados com: 
50 cidades e 1000 cidades aleatoriamente posicionadas
Populaçao constante de 100 ordens de visitas e 1000 ordens
Numero total de iteracoes de 100 iteracoes e 1000
Numero de mutacao fixo em 0.1 ou 1 mutacao no cromossomo (apenas 1 alteracao de cidade)

As posicoes e ordem de criacao das cidades estao nos arquivos 'test50.txt' e 'test1000.txt'

Ambos os testes foram realizados utilizando um CPU: Intel Core i5-10400f com 16GB de random


Para:
Cidades: 50
Populacao: 100
Iteracoes: 1000
Tivemos a seguinte ordem de visita como a melhor geral:
[23, 5, 0, 24, 48, 32, 4, 42, 11, 44, 26, 1, 7, 27, 49, 40, 39, 45, 29, 31, 9, 35, 3, 41, 13, 37, 16, 17, 30, 14, 6, 43, 21, 47, 25, 19, 28, 10, 20, 46, 34, 33, 12, 8, 36, 38, 22, 18, 2, 15]
Distancia total percorrida: 10178.95670023595
Tempo de execuçao: 2.255s

Para:
Cidades: 50
Populacao: 1000
Iteracoes: 100
Tivemos a seguinte ordem de visita como a melhor geral:
[38, 0, 19, 6, 34, 24, 16, 31, 15, 9, 49, 22, 18, 7, 40, 12, 27, 39, 32, 20, 11, 21, 42, 28, 35, 23, 43, 8, 41, 10, 4, 44, 37, 25, 36, 3, 45, 1, 33, 5, 17, 30, 48, 46, 26, 2, 14, 13, 29, 47]
Distancia total percorrida: 10621.961963854117
Tempo de execuçao: 1.012s

Para:
Cidades: 1000 
Populacao: 100
Iteracoes: 1000
Tivemos a seguinte ordem de visita como a melhor geral
[333, 458, 327, 901, 749, 35, 271, 385, 684, 781, 826, 482, 539, 184, 142, 758, 991, 29, 89, 524, 334, 995, 228, 257, 240, 872, 415, 416, 743, 464, 792, 652, 791, 187, 937, 31, 583, 141, 947, 816, 564, 593, 551, 738, 32, 923, 875, 625, 81, 34, 180, 981, 276, 814, 545, 124, 609, 587, 815, 188, 75, 936, 295, 720, 746, 679, 784, 668, 642, 389, 234, 617, 67, 338, 571, 532, 14, 360, 15, 889, 417, 28, 18, 290, 461, 259, 979, 305, 402, 114, 824, 56, 620, 302, 175, 674, 120, 526, 639, 406, 330, 703, 693, 827, 339, 830, 221, 752, 734, 585, 361, 384, 803, 807, 287, 967, 537, 575, 148, 766, 215, 52, 49, 646, 977, 273, 669, 860, 94, 793, 22, 944, 105, 522, 47, 718, 618, 681, 392, 119, 685, 411, 796, 751, 90, 835, 566, 163, 580, 971, 632, 939, 960, 269, 158, 381, 88, 510, 231, 179, 779, 138, 408, 99, 140, 788, 581, 80, 899, 313, 518, 25, 597, 500, 436, 856, 422, 980, 146, 493, 577, 238, 598, 340, 150, 46, 544, 958, 401, 771, 308, 565, 349, 320, 940, 473, 691, 848, 316, 780, 654, 787, 123, 377, 225, 555, 689, 823, 4, 527, 427, 629, 767, 476, 155, 534, 326, 763, 719, 774, 247, 213, 481, 95, 220, 190, 362, 224, 999, 914, 956, 166, 928, 543, 644, 994, 280, 217, 421, 253, 270, 104, 592, 129, 505, 692, 151, 849, 470, 336, 144, 502, 825, 9, 400, 665, 26, 664, 968, 863, 244, 412, 428, 704, 414, 898, 707, 694, 11, 450, 480, 210, 486, 325, 251, 662, 342, 798, 800, 113, 878, 170, 783, 659, 963, 73, 72, 24, 562, 932, 394, 57, 661, 82, 911, 504, 975, 310, 243, 110, 950, 903, 915, 354, 203, 621, 740, 70, 106, 307, 418, 604, 769, 570, 978, 346, 440, 303, 638, 159, 666, 723, 941, 594, 842, 690, 182, 795, 845, 137, 53, 136, 30, 844, 828, 742, 822, 930, 223, 676, 574, 627, 529, 935, 946, 245, 437, 768, 858, 687, 954, 300, 311, 864, 423, 731, 595, 601, 983, 424, 735, 919, 507, 648, 732, 292, 658, 861, 902, 379, 636, 387, 495, 909, 260, 79, 355, 442, 472, 111, 533, 520, 568, 535, 884, 790, 449, 865, 409, 413, 602, 712, 55, 760, 205, 39, 443, 98, 976, 696, 916, 66, 171, 474, 972, 477, 876, 715, 806, 650, 496, 528, 491, 33, 83, 71, 3, 943, 722, 149, 759, 859, 286, 371, 108, 457, 378, 463, 85, 558, 557, 405, 989, 540, 266, 957, 267, 335, 91, 511, 393, 498, 765, 332, 517, 235, 628, 147, 550, 198, 5, 193, 873, 567, 651, 820, 584, 569, 541, 549, 678, 319, 207, 63, 948, 868, 27, 599, 998, 623, 890, 489, 713, 497, 918, 702, 76, 657, 50, 212, 786, 942, 454, 156, 888, 370, 670, 660, 993, 395, 841, 16, 882, 697, 459, 265, 367, 87, 838, 757, 353, 368, 21, 186, 879, 345, 851, 343, 982, 523, 516, 438, 588, 514, 894, 23, 321, 116, 236, 351, 232, 560, 169, 250, 84, 801, 949, 576, 866, 352, 128, 369, 364, 756, 65, 721, 465, 885, 43, 653, 445, 64, 961, 430, 782, 248, 926, 778, 640, 607, 322, 603, 386, 283, 515, 753, 483, 785, 233, 802, 127, 471, 519, 925, 739, 992, 997, 552, 168, 695, 589, 195, 285, 230, 324, 447, 115, 606, 996, 741, 927, 494, 959, 913, 100, 730, 755, 613, 165, 54, 487, 818, 887, 700, 242, 314, 211, 396, 252, 133, 846, 51, 726, 103, 920, 382, 877, 503, 616, 196, 122, 675, 452, 714, 831, 201, 579, 857, 132, 624, 101, 152, 475, 249, 729, 109, 934, 374, 380, 953, 542, 561, 466, 469, 910, 429, 804, 635, 432, 485, 531, 988, 274, 284, 350, 964, 895, 261, 38, 717, 194, 554, 92, 573, 706, 917, 608, 357, 181, 348, 160, 397, 683, 209, 420, 647, 60, 840, 724, 736, 513, 301, 125, 701, 711, 78, 268, 772, 590, 304, 145, 789, 969, 548, 347, 2, 241, 874, 391, 255, 45, 162, 852, 777, 663, 135, 745, 164, 337, 453, 126, 962, 869, 206, 41, 176, 68, 388, 612, 376, 886, 744, 278, 451, 219, 747, 512, 611, 931, 441, 810, 891, 987, 281, 764, 631, 227, 61, 323, 426, 42, 446, 317, 499, 264, 58, 761, 118, 912, 299, 699, 834, 578, 478, 622, 121, 102, 775, 254, 373, 439, 955, 97, 637, 462, 525, 112, 239, 698, 970, 204, 130, 709, 933, 229, 398, 93, 293, 770, 356, 172, 773, 563, 677, 19, 582, 952, 143, 296, 643, 805, 530, 359, 945, 716, 36, 62, 710, 536, 727, 506, 762, 508, 192, 832, 880, 547, 246, 404, 521, 328, 705, 614, 748, 86, 6, 673, 817, 131, 399, 862, 922, 586, 619, 0, 262, 275, 363, 837, 907, 434, 10, 488, 256, 965, 871, 733, 202, 69, 492, 900, 892, 754, 214, 407, 468, 258, 630, 813, 134, 538, 794, 8, 750, 605, 288, 906, 77, 626, 237, 973, 197, 600, 291, 277, 610, 559, 107, 375, 200, 929, 836, 797, 966, 448, 309, 908, 298, 984, 467, 199, 1, 435, 226, 821, 208, 222, 177, 951, 344, 843, 173, 455, 20, 812, 318, 591, 74, 572, 419, 157, 191, 808, 306, 279, 708, 431, 48, 433, 649, 289, 870, 509, 737, 139, 990, 312, 331, 725, 938, 811, 282, 96, 924, 671, 985, 40, 905, 853, 341, 44, 850, 881, 896, 358, 17, 365, 867, 829, 178, 216, 921, 425, 153, 7, 974, 263, 615, 189, 833, 819, 799, 297, 372, 553, 688, 847, 37, 294, 904, 728, 809, 183, 682, 444, 479, 117, 329, 272, 986, 460, 161, 839, 218, 634, 403, 546, 656, 167, 154, 383, 390, 556, 456, 672, 883, 893, 633, 855, 667, 410, 174, 315, 501, 13, 641, 680, 484, 12, 655, 59, 686, 185, 645, 854, 776, 490, 596, 366, 897]
Distancia total percorrida: 249753.34140347302
Tempo de execuçao: 53.096s

Para:
Cidades: 1000 
Populacao: 1000
Iteracoes: 100
Tivemos a seguinte ordem de visita como a melhor geral
[602, 120, 949, 952, 588, 581, 172, 593, 270, 878, 62, 762, 905, 303, 739, 677, 546, 359, 381, 236, 371, 93, 142, 862, 107, 718, 738, 610, 492, 184, 558, 567, 639, 594, 840, 985, 547, 512, 82, 281, 266, 489, 559, 30, 465, 607, 200, 456, 633, 385, 352, 360, 457, 900, 111, 88, 463, 828, 794, 553, 357, 194, 573, 926, 416, 916, 935, 7, 805, 686, 97, 595, 519, 140, 937, 798, 269, 187, 468, 831, 301, 195, 170, 773, 189, 757, 983, 822, 721, 388, 102, 216, 504, 687, 511, 534, 801, 148, 259, 103, 533, 837, 830, 486, 159, 514, 446, 466, 986, 260, 58, 894, 151, 571, 138, 234, 220, 428, 342, 219, 655, 246, 893, 717, 611, 814, 579, 41, 600, 815, 16, 5, 66, 324, 327, 355, 852, 819, 839, 241, 874, 44, 517, 221, 832, 772, 964, 915, 870, 554, 889, 56, 315, 435, 728, 411, 347, 921, 217, 948, 70, 460, 836, 14, 139, 719, 776, 911, 339, 91, 871, 527, 390, 549, 17, 89, 149, 345, 946, 60, 522, 918, 173, 868, 570, 965, 987, 642, 833, 182, 724, 214, 248, 984, 787, 879, 119, 782, 531, 255, 252, 992, 283, 770, 50, 295, 994, 442, 256, 441, 232, 374, 268, 661, 135, 951, 43, 569, 338, 622, 890, 222, 253, 689, 620, 18, 96, 726, 967, 117, 413, 478, 109, 320, 795, 895, 725, 243, 162, 676, 45, 476, 699, 993, 978, 434, 249, 877, 287, 901, 631, 945, 302, 34, 713, 212, 477, 691, 829, 223, 526, 431, 667, 473, 361, 888, 297, 499, 659, 999, 202, 363, 580, 319, 52, 176, 685, 761, 227, 192, 464, 354, 934, 904, 709, 79, 991, 583, 887, 2, 405, 453, 496, 729, 650, 750, 294, 955, 77, 356, 966, 678, 10, 485, 490, 57, 386, 104, 123, 505, 908, 727, 55, 797, 683, 625, 185, 480, 244, 395, 884, 507, 114, 133, 551, 768, 308, 646, 783, 859, 536, 854, 414, 781, 672, 596, 72, 528, 733, 152, 179, 206, 515, 313, 885, 903, 913, 752, 291, 325, 321, 261, 203, 977, 28, 825, 617, 24, 426, 695, 592, 958, 95, 208, 209, 784, 626, 669, 131, 501, 552, 989, 343, 328, 584, 565, 277, 143, 29, 271, 245, 280, 520, 649, 702, 998, 940, 714, 394, 886, 141, 488, 183, 304, 474, 853, 169, 116, 722, 403, 150, 300, 712, 174, 572, 614, 922, 237, 817, 555, 760, 754, 745, 36, 273, 73, 597, 425, 734, 612, 599, 365, 632, 421, 510, 658, 898, 379, 406, 21, 278, 582, 820, 585, 561, 864, 147, 800, 348, 665, 807, 589, 475, 710, 213, 872, 741, 704, 932, 384, 210, 368, 919, 746, 125, 171, 720, 129, 684, 657, 22, 370, 26, 957, 954, 430, 218, 743, 191, 742, 824, 407, 8, 410, 0, 628, 455, 575, 250, 668, 367, 674, 680, 523, 827, 124, 462, 275, 736, 233, 788, 670, 247, 972, 180, 112, 880, 530, 848, 630, 285, 700, 251, 869, 482, 358, 651, 793, 875, 479, 562, 433, 438, 15, 909, 758, 110, 231, 634, 644, 165, 694, 306, 443, 132, 230, 83, 663, 796, 613, 715, 78, 101, 19, 154, 450, 574, 780, 349, 660, 389, 938, 263, 445, 440, 375, 439, 226, 121, 122, 81, 956, 943, 653, 99, 11, 51, 847, 923, 703, 892, 87, 843, 158, 215, 543, 976, 33, 42, 290, 502, 735, 160, 105, 811, 577, 190, 997, 961, 318, 461, 929, 40, 679, 777, 930, 282, 749, 516, 75, 65, 254, 458, 959, 265, 193, 790, 698, 258, 556, 334, 279, 163, 63, 64, 382, 373, 942, 257, 224, 437, 74, 238, 779, 654, 812, 979, 153, 671, 335, 970, 448, 106, 541, 963, 842, 924, 723, 337, 506, 235, 48, 816, 953, 769, 857, 950, 640, 990, 310, 49, 68, 322, 778, 705, 902, 835, 330, 396, 380, 855, 537, 933, 975, 759, 145, 524, 906, 498, 813, 799, 513, 108, 996, 982, 858, 638, 563, 846, 53, 641, 648, 591, 340, 969, 525, 4, 731, 767, 289, 13, 806, 495, 420, 711, 61, 314, 765, 451, 896, 344, 196, 362, 364, 619, 47, 98, 198, 590, 161, 449, 944, 500, 791, 207, 204, 332, 917, 931, 623, 80, 211, 84, 201, 974, 696, 539, 487, 578, 675, 666, 560, 647, 436, 766, 764, 341, 326, 481, 146, 785, 587, 369, 818, 960, 732, 67, 229, 608, 378, 615, 3, 404, 624, 157, 126, 400, 535, 652, 707, 697, 637, 662, 529, 936, 681, 866, 100, 860, 808, 452, 947, 737, 774, 393, 23, 292, 418, 156, 730, 376, 604, 35, 38, 94, 175, 865, 566, 423, 31, 372, 941, 54, 415, 542, 576, 272, 288, 336, 408, 118, 155, 910, 25, 532, 467, 128, 688, 664, 673, 564, 756, 753, 616, 353, 823, 166, 968, 521, 497, 134, 274, 419, 164, 636, 606, 71, 635, 789, 197, 305, 883, 803, 92, 775, 751, 333, 907, 130, 603, 397, 267, 387, 740, 706, 412, 491, 988, 508, 856, 398, 312, 346, 810, 876, 383, 377, 771, 914, 471, 925, 995, 276, 550, 701, 239, 755, 494, 422, 459, 59, 973, 399, 205, 802, 167, 427, 708, 351, 90, 804, 9, 317, 899, 391, 177, 447, 927, 912, 199, 851, 12, 503, 284, 264, 981, 962, 748, 863, 137, 392, 225, 293, 86, 6, 716, 311, 920, 601, 46, 897, 544, 548, 136, 127, 509, 409, 850, 296, 424, 69, 401, 329, 444, 744, 417, 32, 656, 643, 432, 76, 845, 115, 1, 682, 598, 786, 484, 538, 690, 838, 821, 85, 693, 849, 483, 939, 472, 493, 144, 873, 309, 366, 178, 240, 518, 627, 316, 861, 402, 621, 331, 188, 881, 262, 39, 692, 186, 826, 545, 307, 844, 242, 980, 629, 228, 928, 20, 867, 470, 568, 469, 454, 540, 891, 299, 609, 181, 618, 586, 27, 971, 557, 168, 841, 747, 286, 763, 323, 792, 429, 882, 645, 350, 298, 113, 37, 809, 605, 834]
Distancia total percorrida: 251609.21693638887
Tempo de execuçao: 1.959s




Breve Conclusao:
Podemos notar uma clara diferenca com os ajustes das variaves, com o aumento das cidades temos um grande aumento do tempo
de execucao do algoritmo, assim como o aumento do numero de iteracoes e numero de populacao, nos casos com menor numero 
de iteracoes, e maior numero de populacao, podemos ver uma boa aproximacao do do resultado com menos populacao mas mais iteracoes,
apesar de ser pior, compensa com a velocidade, que no caso das 1000 cidades, foi de ~~21x mais rapido, com um erro de 
~~2000 kilometros percorridos a mais. Tambem é facil de se observar como este algortimo executa muito mais rapido do que 
um de força bruta, que teria ~~50! combinacoes, ou 3.0414093e64 combinacoes, impossivel de se computar em nosso tempo de vida.

